volume-11 310 494 483 314 512 283 304 194 275 197 478 369 428 471 376 120 202 367 496 187 373 312 266 417 318 475 117 313 482 70 107 240 362 507 225 364 147 263 147 472 241 145 141 366 343 484 352 344 125 303 298 498 286 306
volume-12 325 464 524 333 494 308 305 167 332 195 440 409 451 428 409 110 165 388 519 147 403 315 243 467 330 471 122 328 475 90 114 214 392 512 198 412 142 234 147 485 196 161 124 339 386 514 325 383 119 268 319 512 252 332
volume-13 318 519 471 325 548 276 332 194 241 195 499 353 426 513 364 152 184 329 515 195 326 331 274 398 333 536 99 335 536 64 143 234 325 534 241 325 164 272 117 515 285 122 142 369 295 525 379 305 141 310 251 527 321 256
volume-14 318 477 464 320 498 265 302 174 238 189 461 345 454 450 343 114 172 320 490 156 316 311 235 400 319 515 106 322 524 64 102 222 309 505 202 305 129 282 74 481 261 83 131 364 295 488 350 295 113 293 238 497 285 240
volume-16 306 461 478 309 498 295 304 161 260 172 457 369 421 447 379 127 165 352 482 159 366 301 226 442 322 521 145 321 528 91 121 199 350 493 196 366 129 264 126 504 260 137 130 347 341 490 337 353 122 276 290 494 276 301
volume-19 325 465 513 333 517 304 330 168 261 170 453 395 467 458 404 118 150 338 538 149 348 332 226 424 329 512 125 329 518 73 114 197 341 546 201 353 147 236 121 523 244 131 128 341 318 532 342 339 130 273 275 534 275 285
volume-20 319 528 498 322 545 293 302 200 294 166 487 381 465 477 388 87 203 376 517 185 374 310 273 460 328 496 108 334 497 77 89 242 370 532 236 369 136 284 124 505 253 164 92 372 336 515 370 360 96 311 303 517 300 321
volume-21 313 482 502 317 519 284 316 183 273 196 465 377 435 460 386 109 185 351 509 190 370 310 267 433 311 528 111 316 533 74 110 243 359 504 240 377 150 270 104 477 254 122 116 366 337 518 357 345 118 303 296 512 304 307
volume-23 345 511 495 345 524 308 320 162 326 237 494 389 464 479 389 118 184 399 516 157 388 328 271 457 334 530 104 332 530 85 116 236 395 525 211 383 141 275 175 499 262 163 147 373 367 521 352 359 137 318 330 518 292 321
volume-27 328 444 474 337 526 285 310 177 209 192 457 363 449 443 371 131 181 289 489 151 308 311 211 370 331 511 103 326 521 53 113 224 290 515 192 312 131 317 101 499 261 83 140 372 311 518 333 306 122 291 258 512 265 260
volume-30 336 472 501 336 550 309 305 208 221 216 474 398 434 463 384 106 196 313 517 161 304 311 253 399 332 554 129 329 565 69 114 249 325 518 223 310 136 321 126 497 292 112 134 378 335 514 360 312 132 324 281 506 306 259
volume-31 300 416 492 318 471 270 315 109 226 168 400 349 438 402 371 112 89 287 508 96 314 303 185 379 333 484 148 338 503 90 92 140 281 534 138 314 144 246 42 519 240 73 101 285 300 518 284 331 104 218 238 530 216 267
volume-33 333 479 490 333 522 280 317 196 243 200 473 369 456 459 373 128 189 337 507 176 330 320 246 401 332 519 113 334 534 57 120 235 339 523 221 335 139 283 114 516 272 109 150 364 339 507 349 335 142 301 296 512 286 290
volume-36 335 548 439 324 548 224 287 170 263 205 517 337 445 500 324 87 199 374 505 162 358 313 291 418 321 504 87 321 502 55 91 242 344 505 206 327 126 259 132 482 233 115 130 380 323 509 351 312 120 320 278 501 288 258
volume-37 338 488 493 338 527 288 323 145 259 193 476 373 484 462 373 120 152 356 520 135 352 329 228 433 336 509 86 335 509 50 122 202 353 523 183 346 143 260 91 514 234 119 123 350 333 534 334 335 124 276 283 529 258 278
volume-38 302 483 490 307 483 284 294 149 303 179 452 376 429 439 378 96 167 383 493 147 384 301 244 438 334 469 110 337 468 82 102 221 384 491 205 378 141 272 131 491 248 151 95 350 346 513 320 375 103 290 313 499 259 325
volume-40 316 485 529 306 523 326 299 146 304 188 476 422 445 462 411 103 155 385 493 135 371 305 236 453 308 497 114 308 497 87 102 209 391 494 191 373 127 244 141 476 230 156 111 343 372 490 334 366 114 284 324 486 265 312
volume-42 323 473 429 320 498 240 308 165 215 202 466 332 431 454 328 107 168 302 506 148 301 310 241 375 319 495 80 319 507 33 102 206 296 510 192 301 127 244 70 488 235 63 127 354 289 503 330 286 118 280 246 504 259 240
volume-43 333 386 513 334 484 324 318 145 204 175 421 391 483 407 383 138 127 273 509 111 275 322 174 373 338 524 137 335 532 86 112 165 273 523 157 277 139 277 89 505 230 108 133 319 304 521 306 298 125 255 234 520 247 229
volume-46 323 434 489 318 455 290 300 114 270 211 411 390 441 405 381 108 110 362 507 105 342 315 182 427 310 461 123 309 463 88 99 157 360 519 148 336 138 229 132 492 204 120 132 290 352 497 288 335 117 234 297 515 222 278
volume-48 330 476 448 340 511 245 299 187 239 221 482 338 432 459 345 100 195 319 501 149 328 314 250 406 335 509 93 337 518 46 97 249 308 510 197 322 145 246 95 476 235 93 145 277 274 496 330 305 124 313 248 504 266 269
volume-49 325 498 500 328 520 283 310 142 296 173 485 372 473 467 371 97 153 372 523 128 362 319 237 444 321 521 122 321 536 70 87 199 366 541 175 357 100 212 104 512 193 87 111 353 335 527 335 328 109 278 271 524 257 261
volume-50 330 458 474 328 509 278 334 141 230 187 439 360 459 447 361 140 139 322 506 154 340 326 215 385 333 513 129 324 528 69 130 179 321 525 195 337 164 230 82 502 235 102 147 324 306 515 334 305 141 265 261 514 281 265
volume-51 322 505 487 331 534 290 331 168 279 204 483 372 436 485 383 133 169 354 533 168 378 324 252 442 332 513 127 323 528 68 125 216 358 536 214 372 151 259 102 538 243 136 131 362 340 513 361 368 132 289 283 526 286 307